-------display inputs---------
0 camera: -2.26 | -2.38 | 0.59 | -0.16 | 0.19 | 0.72 | -0.65
landmark: 1.46 | -2.09 | 4.35 
1 camera: -2.26 | -2.38 | 0.59 | -0.19 | 0.23 | 0.71 | -0.64
landmark: 1.46 | -2.09 | 4.35 
2 camera: -2.26 | -2.38 | 0.59 | -0.16 | 0.19 | 0.72 | -0.65
landmark: 0.00 | -0.00 | 0.00 
3 camera: -2.26 | -2.38 | 0.59 | -0.19 | 0.23 | 0.71 | -0.64
landmark: 0.00 | -0.00 | 0.00 
4 camera: -2.26 | -2.38 | 0.59 | -0.16 | 0.19 | 0.72 | -0.65
landmark: 1.74 | -1.99 | 4.16 
5 camera: -2.26 | -2.38 | 0.59 | -0.19 | 0.23 | 0.71 | -0.64
landmark: 1.74 | -1.99 | 4.16 
6 camera: -2.26 | -2.38 | 0.59 | -0.16 | 0.19 | 0.72 | -0.65
landmark: 1.55 | -2.08 | 4.30 
7 camera: -2.26 | -2.38 | 0.59 | -0.19 | 0.23 | 0.71 | -0.64
landmark: 1.55 | -2.08 | 4.30 
8 camera: -2.26 | -2.38 | 0.59 | -0.16 | 0.19 | 0.72 | -0.65
landmark: 0.10 | -2.13 | 4.40 
9 camera: -2.26 | -2.38 | 0.59 | -0.19 | 0.23 | 0.71 | -0.64
landmark: 0.10 | -2.13 | 4.40 
10 camera: -2.26 | -2.38 | 0.59 | -0.16 | 0.19 | 0.72 | -0.65
landmark: 1.59 | -2.08 | 4.30 
11 camera: -2.26 | -2.38 | 0.59 | -0.19 | 0.23 | 0.71 | -0.64
landmark: 1.59 | -2.08 | 4.30 
12 camera: -2.26 | -2.38 | 0.59 | -0.16 | 0.19 | 0.72 | -0.65
landmark: 1.28 | -2.29 | 4.74 
13 camera: -2.26 | -2.38 | 0.59 | -0.19 | 0.23 | 0.71 | -0.64
landmark: 1.28 | -2.29 | 4.74 
14 camera: -2.26 | -2.38 | 0.59 | -0.16 | 0.19 | 0.72 | -0.65
landmark: -0.11 | -1.95 | 4.02 
15 camera: -2.26 | -2.38 | 0.59 | -0.19 | 0.23 | 0.71 | -0.64
landmark: -0.11 | -1.95 | 4.02 
16 camera: -2.26 | -2.38 | 0.59 | -0.16 | 0.19 | 0.72 | -0.65
landmark: 0.12 | -2.01 | 4.16 
17 camera: -2.26 | -2.38 | 0.59 | -0.19 | 0.23 | 0.71 | -0.64
landmark: 0.12 | -2.01 | 4.16 
18 camera: -2.26 | -2.38 | 0.59 | -0.16 | 0.19 | 0.72 | -0.65
landmark: 1.33 | -2.29 | 4.74 
19 camera: -2.26 | -2.38 | 0.59 | -0.19 | 0.23 | 0.71 | -0.64
landmark: 1.33 | -2.29 | 4.74 
20 camera: -2.26 | -2.38 | 0.59 | -0.16 | 0.19 | 0.72 | -0.65
landmark: 1.46 | -2.11 | 4.35 
21 camera: -2.26 | -2.38 | 0.59 | -0.19 | 0.23 | 0.71 | -0.64
landmark: 1.46 | -2.11 | 4.35 
22 camera: -2.26 | -2.38 | 0.59 | -0.16 | 0.19 | 0.72 | -0.65
landmark: 0.18 | -2.03 | 4.20 
23 camera: -2.26 | -2.38 | 0.59 | -0.19 | 0.23 | 0.71 | -0.64
landmark: 0.18 | -2.03 | 4.20 
24 camera: -2.26 | -2.38 | 0.59 | -0.16 | 0.19 | 0.72 | -0.65
landmark: 1.71 | -2.03 | 4.20 
25 camera: -2.26 | -2.38 | 0.59 | -0.19 | 0.23 | 0.71 | -0.64
landmark: 1.71 | -2.03 | 4.20 
26 camera: -2.26 | -2.38 | 0.59 | -0.16 | 0.19 | 0.72 | -0.65
landmark: 0.28 | -1.99 | 4.11 
27 camera: -2.26 | -2.38 | 0.59 | -0.19 | 0.23 | 0.71 | -0.64
landmark: 0.28 | -1.99 | 4.11 
28 camera: -2.26 | -2.38 | 0.59 | -0.16 | 0.19 | 0.72 | -0.65
landmark: 1.34 | -2.18 | 4.51 
29 camera: -2.26 | -2.38 | 0.59 | -0.19 | 0.23 | 0.71 | -0.64
landmark: 1.34 | -2.18 | 4.51 
30 camera: -2.26 | -2.38 | 0.59 | -0.16 | 0.19 | 0.72 | -0.65
landmark: -1.37 | -1.57 | 3.25 
31 camera: -2.26 | -2.38 | 0.59 | -0.19 | 0.23 | 0.71 | -0.64
landmark: -1.37 | -1.57 | 3.25 
32 camera: -2.26 | -2.38 | 0.59 | -0.16 | 0.19 | 0.72 | -0.65
landmark: 1.76 | -2.03 | 4.20 
33 camera: -2.26 | -2.38 | 0.59 | -0.19 | 0.23 | 0.71 | -0.64
landmark: 1.76 | -2.03 | 4.20 
34 camera: -2.26 | -2.38 | 0.59 | -0.16 | 0.19 | 0.72 | -0.65
landmark: 1.02 | -2.13 | 4.40 
35 camera: -2.26 | -2.38 | 0.59 | -0.19 | 0.23 | 0.71 | -0.64
landmark: 1.02 | -2.13 | 4.40 
36 camera: -2.26 | -2.38 | 0.59 | -0.16 | 0.19 | 0.72 | -0.65
landmark: 1.02 | -2.10 | 4.35 
37 camera: -2.26 | -2.38 | 0.59 | -0.19 | 0.23 | 0.71 | -0.64
landmark: 1.02 | -2.10 | 4.35 
38 camera: -2.26 | -2.38 | 0.59 | -0.16 | 0.19 | 0.72 | -0.65
landmark: -0.56 | -2.29 | 4.74 
39 camera: -2.26 | -2.38 | 0.59 | -0.19 | 0.23 | 0.71 | -0.64
landmark: -0.56 | -2.29 | 4.74 
40 camera: -2.26 | -2.38 | 0.59 | -0.16 | 0.19 | 0.72 | -0.65
landmark: 1.20 | -2.26 | 4.68 
41 camera: -2.26 | -2.38 | 0.59 | -0.19 | 0.23 | 0.71 | -0.64
landmark: 1.20 | -2.26 | 4.68 
42 camera: -2.26 | -2.38 | 0.59 | -0.16 | 0.19 | 0.72 | -0.65
landmark: 0.05 | -2.01 | 4.16 
43 camera: -2.26 | -2.38 | 0.59 | -0.19 | 0.23 | 0.71 | -0.64
landmark: 0.05 | -2.01 | 4.16 
44 camera: -2.26 | -2.38 | 0.59 | -0.16 | 0.19 | 0.72 | -0.65
landmark: 0.73 | -2.41 | 5.00 
45 camera: -2.26 | -2.38 | 0.59 | -0.19 | 0.23 | 0.71 | -0.64
landmark: 0.73 | -2.41 | 5.00 
46 camera: -2.26 | -2.38 | 0.59 | -0.16 | 0.19 | 0.72 | -0.65
landmark: 1.16 | -2.26 | 4.68 
47 camera: -2.26 | -2.38 | 0.59 | -0.19 | 0.23 | 0.71 | -0.64
landmark: 1.16 | -2.26 | 4.68 
48 camera: -2.26 | -2.38 | 0.59 | -0.16 | 0.19 | 0.72 | -0.65
landmark: -0.08 | -1.92 | 3.98 
49 camera: -2.26 | -2.38 | 0.59 | -0.19 | 0.23 | 0.71 | -0.64
landmark: -0.08 | -1.92 | 3.98 
50 camera: -2.26 | -2.38 | 0.59 | -0.16 | 0.19 | 0.72 | -0.65
landmark: 1.67 | -1.94 | 4.02 
51 camera: -2.26 | -2.38 | 0.59 | -0.19 | 0.23 | 0.71 | -0.64
landmark: 1.67 | -1.94 | 4.02 
52 camera: -2.26 | -2.38 | 0.59 | -0.16 | 0.19 | 0.72 | -0.65
landmark: -1.68 | -1.88 | 3.90 
53 camera: -2.26 | -2.38 | 0.59 | -0.19 | 0.23 | 0.71 | -0.64
landmark: -1.68 | -1.88 | 3.90 
54 camera: -2.26 | -2.38 | 0.59 | -0.16 | 0.19 | 0.72 | -0.65
landmark: 0.97 | -2.13 | 4.40 
55 camera: -2.26 | -2.38 | 0.59 | -0.19 | 0.23 | 0.71 | -0.64
landmark: 0.97 | -2.13 | 4.40 
56 camera: -2.26 | -2.38 | 0.59 | -0.16 | 0.19 | 0.72 | -0.65
landmark: -0.05 | -1.94 | 4.02 
57 camera: -2.26 | -2.38 | 0.59 | -0.19 | 0.23 | 0.71 | -0.64
landmark: -0.05 | -1.94 | 4.02 
58 camera: -2.26 | -2.38 | 0.59 | -0.16 | 0.19 | 0.72 | -0.65
landmark: 1.38 | -1.79 | 3.74 
59 camera: -2.29 | -2.37 | 0.59 | -0.29 | 0.34 | 0.66 | -0.60
landmark: 1.38 | -1.79 | 3.74 
60 camera: -2.26 | -2.38 | 0.59 | -0.16 | 0.19 | 0.72 | -0.65
landmark: 1.38 | -1.80 | 3.74 
61 camera: -2.29 | -2.37 | 0.59 | -0.29 | 0.34 | 0.66 | -0.60
landmark: 1.38 | -1.80 | 3.74 
62 camera: -2.26 | -2.38 | 0.59 | -0.16 | 0.19 | 0.72 | -0.65
landmark: 0.59 | -1.94 | 4.02 
63 camera: -2.29 | -2.37 | 0.59 | -0.29 | 0.34 | 0.66 | -0.60
landmark: 0.59 | -1.94 | 4.02 
64 camera: -2.26 | -2.38 | 0.59 | -0.19 | 0.23 | 0.71 | -0.64
landmark: 1.01 | -1.92 | 3.98 
65 camera: -2.29 | -2.37 | 0.59 | -0.29 | 0.34 | 0.66 | -0.60
landmark: 1.01 | -1.92 | 3.98 
66 camera: -2.26 | -2.38 | 0.59 | -0.19 | 0.23 | 0.71 | -0.64
landmark: 1.01 | -1.92 | 3.98 
67 camera: -2.29 | -2.37 | 0.59 | -0.29 | 0.34 | 0.66 | -0.60
landmark: 1.01 | -1.92 | 3.98 
68 camera: -2.26 | -2.38 | 0.59 | -0.19 | 0.23 | 0.71 | -0.64
landmark: -1.67 | -1.70 | 3.53 
69 camera: -2.29 | -2.37 | 0.59 | -0.29 | 0.34 | 0.66 | -0.60
landmark: -1.67 | -1.70 | 3.53 
70 camera: -2.26 | -2.38 | 0.59 | -0.19 | 0.23 | 0.71 | -0.64
landmark: 0.94 | -1.92 | 3.98 
71 camera: -2.29 | -2.37 | 0.59 | -0.29 | 0.34 | 0.66 | -0.60
landmark: 0.94 | -1.92 | 3.98 
72 camera: -2.26 | -2.38 | 0.59 | -0.19 | 0.23 | 0.71 | -0.64
landmark: 1.01 | -1.92 | 3.98 
73 camera: -2.29 | -2.37 | 0.59 | -0.29 | 0.34 | 0.66 | -0.60
landmark: 1.01 | -1.92 | 3.98 
74 camera: -2.26 | -2.38 | 0.59 | -0.19 | 0.23 | 0.71 | -0.64
landmark: 1.01 | -1.92 | 3.98 
75 camera: -2.29 | -2.37 | 0.59 | -0.29 | 0.34 | 0.66 | -0.60
landmark: 1.01 | -1.92 | 3.98 
76 camera: -2.26 | -2.38 | 0.59 | -0.19 | 0.23 | 0.71 | -0.64
landmark: 1.12 | -1.86 | 3.86 
77 camera: -2.29 | -2.37 | 0.59 | -0.29 | 0.34 | 0.66 | -0.60
landmark: 1.12 | -1.86 | 3.86 
78 camera: -2.26 | -2.38 | 0.59 | -0.19 | 0.23 | 0.71 | -0.64
landmark: 1.65 | -1.67 | 3.46 
79 camera: -2.29 | -2.37 | 0.59 | -0.29 | 0.34 | 0.66 | -0.60
landmark: 1.65 | -1.67 | 3.46 
80 camera: -2.26 | -2.38 | 0.59 | -0.19 | 0.23 | 0.71 | -0.64
landmark: 1.11 | -1.86 | 3.86 
81 camera: -2.29 | -2.37 | 0.59 | -0.29 | 0.34 | 0.66 | -0.60
landmark: 1.11 | -1.86 | 3.86 
82 camera: -2.26 | -2.38 | 0.59 | -0.19 | 0.23 | 0.71 | -0.64
landmark: 0.27 | -2.23 | 4.62 
83 camera: -2.29 | -2.37 | 0.59 | -0.29 | 0.34 | 0.66 | -0.60
landmark: 0.27 | -2.23 | 4.62 
84 camera: -2.26 | -2.38 | 0.59 | -0.19 | 0.23 | 0.71 | -0.64
landmark: 0.00 | -0.00 | 0.00 
85 camera: -2.29 | -2.37 | 0.59 | -0.29 | 0.34 | 0.66 | -0.60
landmark: 0.00 | -0.00 | 0.00 
86 camera: -2.26 | -2.38 | 0.59 | -0.19 | 0.23 | 0.71 | -0.64
landmark: 0.27 | -2.22 | 4.62 
87 camera: -2.29 | -2.37 | 0.59 | -0.29 | 0.34 | 0.66 | -0.60
landmark: 0.27 | -2.22 | 4.62 
88 camera: -2.26 | -2.38 | 0.59 | -0.19 | 0.23 | 0.71 | -0.64
landmark: 0.88 | -1.97 | 4.07 
89 camera: -2.29 | -2.37 | 0.59 | -0.29 | 0.34 | 0.66 | -0.60
landmark: 0.88 | -1.97 | 4.07 
----------poses----------
0: -2.26 | -2.38 | 0.59 | -0.16 | 0.19 | 0.72 | -0.65
1: -2.26 | -2.38 | 0.59 | -0.19 | 0.23 | 0.71 | -0.64
2: -2.29 | -2.37 | 0.59 | -0.29 | 0.34 | 0.66 | -0.60
----------landmarks----------
0: 1.46 | -2.09 | 4.35 
1: 0.00 | -0.00 | 0.00 
2: 1.74 | -1.99 | 4.16 
3: 1.55 | -2.08 | 4.30 
4: 0.10 | -2.13 | 4.40 
5: 1.59 | -2.08 | 4.30 
6: 1.28 | -2.29 | 4.74 
7: -0.11 | -1.95 | 4.02 
8: 0.12 | -2.01 | 4.16 
9: 1.33 | -2.29 | 4.74 
10: 1.46 | -2.11 | 4.35 
11: 0.18 | -2.03 | 4.20 
12: 1.71 | -2.03 | 4.20 
13: 0.28 | -1.99 | 4.11 
14: 1.34 | -2.18 | 4.51 
15: -1.37 | -1.57 | 3.25 
16: 1.76 | -2.03 | 4.20 
17: 1.02 | -2.13 | 4.40 
18: 1.02 | -2.10 | 4.35 
19: -0.56 | -2.29 | 4.74 
20: 1.20 | -2.26 | 4.68 
21: 0.05 | -2.01 | 4.16 
22: 0.73 | -2.41 | 5.00 
23: 1.16 | -2.26 | 4.68 
24: -0.08 | -1.92 | 3.98 
25: 1.67 | -1.94 | 4.02 
26: -1.68 | -1.88 | 3.90 
27: 0.97 | -2.13 | 4.40 
28: -0.05 | -1.94 | 4.02 
29: 1.38 | -1.79 | 3.74 
30: 1.38 | -1.80 | 3.74 
31: 0.59 | -1.94 | 4.02 
32: 1.01 | -1.92 | 3.98 
33: 1.01 | -1.92 | 3.98 
34: -1.67 | -1.70 | 3.53 
35: 0.94 | -1.92 | 3.98 
36: 1.01 | -1.92 | 3.98 
37: 1.01 | -1.92 | 3.98 
38: 1.12 | -1.86 | 3.86 
39: 1.65 | -1.67 | 3.46 
40: 1.11 | -1.86 | 3.86 
41: 0.27 | -2.23 | 4.62 
42: 0.27 | -2.22 | 4.62 
43: 0.88 | -1.97 | 4.07 

Solver Summary (v 2.0.0-eigen-(3.4.0)-lapack-suitesparse-(5.10.1)-cxsparse-(3.2.0)-acceleratesparse-eigensparse-no_openmp)

                                     Original                  Reduced
Parameter blocks                          180                      180
Parameters                                900                      900
Residual blocks                            90                       90
Residuals                                 180                      180

Minimizer                        TRUST_REGION

Dense linear algebra library            EIGEN
Trust region strategy     LEVENBERG_MARQUARDT

                                        Given                     Used
Linear solver                     DENSE_SCHUR              DENSE_SCHUR
Threads                                     1                        1
Linear solver ordering              AUTOMATIC                    90,90
Schur structure                         2,7,3                    2,d,d

Cost:
Initial                          3.371694e+07
Final                            3.065424e-20
Change                           3.371694e+07

Minimizer iterations                       10
Successful steps                           10
Unsuccessful steps                          0

Time (in seconds):
Preprocessor                         0.000432

  Residual only evaluation           0.000104 (10)
  Jacobian & residual evaluation     0.052238 (10)
  Linear solver                      0.009085 (10)
Minimizer                            0.061648

Postprocessor                        0.000004
Total                                0.062084

Termination:                      CONVERGENCE (Parameter tolerance reached. Relative step_norm: 2.479518e-14 <= 1.000000e-08.)

----------poses----------
0: -1.70 | -3.01 | 0.06 | 0.35 | -1.06 | 2.22 | -1.45
1: -1.70 | -3.02 | -0.04 | 0.32 | -1.05 | 2.21 | -1.42
2: -2.83 | -1.05 | 0.01 | -0.29 | -0.06 | 0.56 | -0.82
3: -3.13 | -1.33 | 0.02 | -0.26 | -0.02 | 0.59 | -0.80
4: -1.74 | -2.94 | -1.11 | 0.38 | -1.24 | 2.07 | -1.85
5: -1.73 | -2.97 | -1.42 | 0.34 | -1.26 | 2.09 | -1.85
6: -1.79 | -2.89 | -0.53 | 0.34 | -1.09 | 2.01 | -1.92
7: -1.78 | -2.91 | -0.80 | 0.31 | -1.10 | 2.03 | -1.97
8: -1.87 | -2.87 | 1.17 | 0.03 | -0.01 | 1.83 | -3.78
9: -1.87 | -2.87 | 1.12 | 0.01 | -0.01 | 1.83 | -3.83
10: -1.79 | -2.88 | -0.78 | 0.34 | -1.12 | 2.01 | -1.93
11: -1.77 | -2.91 | -1.11 | 0.31 | -1.13 | 2.04 | -1.97
12: -1.81 | -2.88 | 0.09 | 0.28 | -0.90 | 2.11 | -2.08
13: -1.81 | -2.89 | -0.04 | 0.25 | -0.90 | 2.11 | -2.16
14: -1.87 | -2.89 | 1.40 | -0.03 | 0.15 | 1.71 | -2.74
15: -1.87 | -2.89 | 1.37 | -0.05 | 0.16 | 1.71 | -2.76
16: -1.85 | -2.91 | 1.33 | 0.05 | -0.02 | 1.83 | -1.87
17: -1.85 | -2.91 | 1.26 | 0.03 | -0.02 | 1.82 | -1.81
18: -1.82 | -2.86 | -0.02 | 0.28 | -0.92 | 2.08 | -2.11
19: -1.82 | -2.87 | -0.18 | 0.26 | -0.93 | 2.08 | -2.18
20: -1.67 | -3.04 | 0.08 | 0.35 | -1.07 | 2.27 | -1.36
21: -1.68 | -3.05 | 0.00 | 0.32 | -1.06 | 2.25 | -1.27
22: -1.84 | -2.93 | 1.32 | 0.08 | -0.08 | 1.89 | -2.47
23: -1.84 | -2.93 | 1.24 | 0.06 | -0.08 | 1.89 | -2.43
24: -1.76 | -2.91 | -1.38 | 0.36 | -1.23 | 2.04 | -1.88
25: -1.75 | -2.94 | -1.78 | 0.32 | -1.26 | 2.05 | -1.87
26: -1.73 | -3.17 | 1.69 | 0.27 | -0.25 | 2.24 | -3.79
27: -1.72 | -3.17 | 1.45 | 0.21 | -0.24 | 2.21 | -3.64
28: -1.71 | -3.01 | 0.18 | 0.32 | -0.97 | 2.26 | -1.43
29: -1.71 | -3.02 | 0.11 | 0.29 | -0.96 | 2.25 | -1.39
30: -1.84 | -2.86 | 1.41 | -0.47 | 1.04 | 1.25 | -1.32
31: -1.85 | -2.86 | 1.41 | -0.49 | 1.05 | 1.26 | -1.30
32: -1.75 | -2.93 | -1.70 | 0.36 | -1.28 | 2.06 | -1.86
33: -1.74 | -2.96 | -2.07 | 0.33 | -1.32 | 2.06 | -1.84
34: -1.61 | -3.15 | 0.11 | 0.27 | -0.74 | 2.40 | -1.66
35: -1.63 | -3.14 | 0.11 | 0.24 | -0.73 | 2.36 | -1.37
36: -1.60 | -3.17 | 0.07 | 0.27 | -0.74 | 2.40 | -1.77
37: -1.61 | -3.16 | 0.08 | 0.24 | -0.73 | 2.37 | -1.47
38: -1.87 | -2.89 | 1.46 | -0.15 | 0.48 | 1.82 | -2.63
39: -1.87 | -2.89 | 1.45 | -0.17 | 0.48 | 1.82 | -2.61
40: -1.74 | -2.97 | 0.29 | 0.28 | -0.85 | 2.24 | -1.54
41: -1.74 | -2.98 | 0.22 | 0.25 | -0.86 | 2.24 | -1.57
42: -1.89 | -2.84 | 1.32 | 0.00 | 0.05 | 1.72 | 2.49
43: -1.90 | -2.83 | 1.27 | -0.01 | 0.05 | 1.71 | 3.24
44: -1.85 | -2.86 | 0.55 | 0.16 | -0.48 | 2.08 | -2.94
45: -1.85 | -2.86 | 0.48 | 0.14 | -0.49 | 2.07 | -2.99
46: -1.72 | -3.00 | 0.32 | 0.27 | -0.82 | 2.29 | -1.31
47: -1.72 | -3.01 | 0.26 | 0.24 | -0.82 | 2.28 | -1.26
48: -1.83 | -2.98 | 1.69 | 0.03 | 0.11 | 1.83 | -2.46
49: -1.83 | -2.97 | 1.64 | 0.01 | 0.11 | 1.83 | -2.41
50: -1.61 | -3.11 | -0.12 | 0.41 | -1.23 | 2.25 | -1.18
51: -1.62 | -3.12 | -0.21 | 0.37 | -1.20 | 2.23 | -1.01
52: -1.84 | -2.86 | 1.37 | -0.49 | 1.27 | 1.36 | -1.47
53: -1.85 | -2.85 | 1.37 | -0.51 | 1.27 | 1.38 | -1.45
54: -1.64 | -3.12 | 0.19 | 0.25 | -0.69 | 2.35 | -1.50
55: -1.65 | -3.11 | 0.18 | 0.23 | -0.68 | 2.32 | -1.22
56: -1.84 | -2.94 | 1.55 | 0.02 | 0.09 | 1.80 | -2.29
57: -1.84 | -2.94 | 1.49 | 0.00 | 0.09 | 1.80 | -2.26
58: -1.79 | -2.87 | -0.73 | 0.35 | -0.97 | 1.82 | -1.74
59: -1.74 | -2.99 | -2.00 | 0.23 | -1.07 | 1.85 | -1.76
60: -1.79 | -2.87 | -0.64 | 0.36 | -0.98 | 1.81 | -1.73
61: -1.74 | -2.99 | -1.91 | 0.23 | -1.06 | 1.84 | -1.77
62: -1.86 | -2.84 | 0.58 | 0.16 | -0.37 | 1.76 | -2.48
63: -1.87 | -2.87 | 0.27 | 0.08 | -0.39 | 1.74 | -2.70
64: -1.83 | -2.85 | 0.06 | 0.24 | -0.69 | 1.81 | -1.92
65: -1.82 | -2.91 | -0.48 | 0.17 | -0.70 | 1.81 | -2.18
66: -1.83 | -2.85 | 0.06 | 0.24 | -0.69 | 1.81 | -1.92
67: -1.82 | -2.91 | -0.49 | 0.17 | -0.70 | 1.81 | -2.18
68: -1.63 | -3.23 | 1.88 | -0.44 | 1.15 | 1.79 | -1.71
69: -1.65 | -3.21 | 1.89 | -0.50 | 1.16 | 1.80 | -1.61
70: -1.82 | -2.87 | 0.21 | 0.23 | -0.65 | 1.83 | -1.91
71: -1.82 | -2.92 | -0.22 | 0.16 | -0.66 | 1.82 | -2.22
72: -1.83 | -2.85 | 0.06 | 0.24 | -0.69 | 1.81 | -1.92
73: -1.82 | -2.91 | -0.49 | 0.17 | -0.70 | 1.81 | -2.18
74: -1.83 | -2.85 | 0.06 | 0.24 | -0.69 | 1.81 | -1.92
75: -1.82 | -2.91 | -0.49 | 0.17 | -0.70 | 1.81 | -2.18
76: -1.77 | -2.93 | 0.12 | 0.29 | -0.79 | 1.89 | -1.58
77: -1.76 | -2.99 | -0.35 | 0.21 | -0.79 | 1.89 | -1.85
78: -1.69 | -2.99 | -3.47 | 0.38 | -1.33 | 1.82 | -1.50
79: -1.80 | -2.87 | -0.42 | 0.39 | -1.36 | 1.65 | -1.49
80: -1.82 | -2.85 | -0.17 | 0.27 | -0.77 | 1.78 | -1.84
81: -1.80 | -2.93 | -0.92 | 0.19 | -0.78 | 1.80 | -2.05
82: -1.87 | -2.87 | 0.95 | 0.05 | -0.14 | 1.91 | -3.51
83: -1.88 | -2.88 | 0.76 | -0.01 | -0.15 | 1.91 | -3.42
84: -2.98 | -1.76 | -0.11 | -0.17 | 0.05 | 0.57 | -0.82
85: -3.21 | -2.22 | -0.29 | -0.20 | 0.09 | 0.56 | -0.78
86: -1.87 | -2.87 | 0.93 | 0.05 | -0.13 | 1.91 | -3.50
87: -1.88 | -2.88 | 0.74 | -0.01 | -0.14 | 1.91 | -3.41
88: -1.83 | -2.88 | 0.28 | 0.21 | -0.60 | 1.85 | -2.02
89: -1.83 | -2.91 | -0.09 | 0.15 | -0.62 | 1.84 | -2.34
----------landmarks----------
0: -0.11 | -3.44 | 3.09 
1: -0.11 | -3.47 | 3.08 
2: -0.26 | -0.10 | 0.12 
3: -0.25 | -0.08 | 0.26 
4: 0.20 | -2.81 | 3.24 
5: 0.23 | -2.76 | 3.23 
6: 0.06 | -3.02 | 3.33 
7: 0.07 | -2.99 | 3.31 
8: -0.62 | -2.87 | 3.31 
9: -0.64 | -2.88 | 3.30 
10: 0.11 | -2.95 | 3.36 
11: 0.13 | -2.89 | 3.34 
12: -0.16 | -3.32 | 3.55 
13: -0.17 | -3.35 | 3.54 
14: -0.64 | -2.67 | 3.03 
15: -0.67 | -2.67 | 3.02 
16: -0.62 | -2.72 | 3.10 
17: -0.64 | -2.73 | 3.09 
18: -0.11 | -3.29 | 3.60 
19: -0.12 | -3.32 | 3.58 
20: -0.12 | -3.60 | 3.03 
21: -0.12 | -3.63 | 3.02 
22: -0.64 | -2.74 | 3.10 
23: -0.66 | -2.75 | 3.09 
24: 0.22 | -2.78 | 3.32 
25: 0.26 | -2.73 | 3.32 
26: -0.89 | -2.64 | 2.86 
27: -0.89 | -2.70 | 2.82 
28: -0.18 | -3.57 | 3.16 
29: -0.18 | -3.59 | 3.15 
30: -0.78 | -2.77 | 2.55 
31: -0.82 | -2.76 | 2.54 
32: 0.28 | -2.74 | 3.34 
33: 0.31 | -2.69 | 3.34 
34: -0.30 | -4.12 | 2.80 
35: -0.30 | -4.09 | 2.81 
36: -0.28 | -4.18 | 2.74 
37: -0.29 | -4.13 | 2.75 
38: -0.88 | -3.30 | 3.53 
39: -0.92 | -3.29 | 3.52 
40: -0.25 | -3.53 | 3.31 
41: -0.27 | -3.56 | 3.30 
42: -0.56 | -2.74 | 3.17 
43: -0.58 | -2.77 | 3.17 
44: -0.43 | -3.32 | 3.73 
45: -0.46 | -3.34 | 3.72 
46: -0.28 | -3.65 | 3.25 
47: -0.29 | -3.68 | 3.24 
48: -0.75 | -2.61 | 2.93 
49: -0.78 | -2.61 | 2.92 
50: -0.00 | -3.65 | 2.78 
51: 0.02 | -3.68 | 2.79 
52: -0.96 | -3.31 | 3.03 
53: -1.00 | -3.30 | 3.03 
54: -0.33 | -3.96 | 2.84 
55: -0.33 | -3.94 | 2.85 
56: -0.70 | -2.64 | 2.98 
57: -0.72 | -2.64 | 2.98 
58: 0.07 | -2.52 | 2.96 
59: 0.13 | -2.37 | 2.93 
60: 0.05 | -2.55 | 2.97 
61: 0.13 | -2.39 | 2.93 
62: -0.35 | -2.62 | 3.08 
63: -0.44 | -2.68 | 3.04 
64: -0.18 | -2.70 | 3.06 
65: -0.20 | -2.78 | 3.01 
66: -0.18 | -2.70 | 3.06 
67: -0.20 | -2.78 | 3.01 
68: -1.29 | -3.33 | 2.29 
69: -1.41 | -3.25 | 2.29 
70: -0.23 | -2.71 | 3.02 
71: -0.27 | -2.81 | 2.98 
72: -0.18 | -2.70 | 3.06 
73: -0.20 | -2.78 | 3.01 
74: -0.18 | -2.70 | 3.06 
75: -0.20 | -2.78 | 3.01 
76: -0.17 | -2.78 | 2.87 
77: -0.19 | -2.88 | 2.82 
78: 0.35 | -2.13 | 2.87 
79: 0.04 | -2.42 | 2.89 
80: -0.11 | -2.63 | 3.00 
81: -0.10 | -2.62 | 2.94 
82: -0.61 | -3.01 | 3.46 
83: -0.69 | -3.05 | 3.42 
84: -0.19 | -0.11 | 0.13 
85: -0.24 | -0.10 | 0.11 
86: -0.61 | -3.00 | 3.45 
87: -0.68 | -3.04 | 3.42 
88: -0.27 | -2.77 | 3.07 
89: -0.32 | -2.86 | 3.03 
